2 1 0.500000
3 1 0.666667
3 2 0.600000
4 1 0.588235
4 2 0.454545
4 3 0.500000
5 1 0.764706
6 1 0.777778
7 1 0.777778
7 5 0.500000
7 6 0.333333
8 1 0.705882
8 2 0.500000
8 3 0.545455
8 4 0.285714
9 1 0.850000
9 3 0.692308
10 3 0.833333
11 1 0.764706
11 5 0.400000
11 6 0.500000
12 1 0.882353
13 1 0.823529
13 4 0.571429
14 1 0.722222
14 2 0.545455
14 3 0.583333
14 4 0.375000
17 6 0.400000
17 7 0.400000
18 1 0.823529
18 2 0.700000
20 1 0.833333
20 2 0.727273
22 1 0.823529
22 2 0.700000
26 24 0.750000
26 25 0.400000
28 3 0.857143
28 24 0.625000
28 25 0.714286
29 3 0.846154
30 24 0.428571
30 27 0.400000
31 2 0.846154
31 9 0.428571
32 1 0.909091
32 25 0.625000
32 26 0.625000
32 29 0.625000
33 3 0.857143
33 9 0.642857
33 15 0.769231
33 16 0.769231
33 19 0.769231
33 21 0.769231
33 23 0.769231
33 24 0.733333
33 30 0.714286
33 31 0.714286
33 32 0.823529
34 9 0.800000
34 10 0.894737
34 14 0.909091
34 15 0.833333
34 16 0.833333
34 19 0.833333
34 20 0.900000
34 21 0.833333
34 23 0.833333
34 24 0.736842
34 27 0.833333
34 28 0.850000
34 29 0.842105
34 30 0.722222
34 31 0.789474
34 32 0.809524
34 33 0.368421
